1660777974639 0.6389548778533936 0
1660777975560 0.7740828990936279 1
1660777976463 0.8334652781486511 2
1660777977365 0.8586698174476624 3
1660777978277 0.8887569308280945 4
1660777979182 0.9049881100654602 5
1660777980077 0.9228028655052185 6
1660777981050 0.9321720600128174 7
1660777982028 0.9326999187469482 8
1660777982990 0.9423330426216125 9
1660777983959 0.9458960294723511 10
1660777984938 0.9461599588394165 11
1660777985882 0.948931097984314 12
1660777986822 0.9513064026832581 13
1660777987753 0.9513064026832581 14
1660777988703 0.9531538486480713 15
1660777989636 0.9523621201515198 16
1660777990573 0.9540776014328003 17
1660777991511 0.9540776014328003 18
1660777992443 0.9540776014328003 19
