1660777974639 1.5721851587295532 0
1660777975560 0.9728224873542786 1
1660777976463 0.714535117149353 2
1660777977365 0.5492399334907532 3
1660777978277 0.4245859384536743 4
1660777979182 0.35040467977523804 5
1660777980077 0.29144182801246643 6
1660777981050 0.2517372965812683 7
1660777982028 0.243785560131073 8
1660777982990 0.2084723263978958 9
1660777983959 0.19341379404067993 10
1660777984938 0.1856715828180313 11
1660777985882 0.17830277979373932 12
1660777986822 0.18018607795238495 13
1660777987753 0.16831466555595398 14
1660777988703 0.1551579385995865 15
1660777989636 0.15401311218738556 16
1660777990573 0.1460271179676056 17
1660777991511 0.14232361316680908 18
1660777992443 0.14190411567687988 19
