1660777864034 0.6505674123764038 0
1660777864798 0.7843758463859558 1
1660777865557 0.8423066735267639 2
1660777866349 0.8801794648170471 3
1660777867105 0.9030086994171143 4
1660777867878 0.9171285033226013 5
1660777868655 0.9304565787315369 6
1660777869435 0.9366587400436401 7
1660777870198 0.9423330426216125 8
1660777870990 0.948931097984314 9
1660777871771 0.9494589567184448 10
1660777872560 0.9515703320503235 11
1660777873326 0.9536817073822021 12
1660777874076 0.9518342614173889 13
1660777874858 0.953285813331604 14
1660777875613 0.9514383673667908 15
1660777876357 0.9550012946128845 16
1660777877125 0.9586962461471558 17
1660777877921 0.9575085639953613 18
1660777878690 0.9538136720657349 19
