1660777864034 1.551501989364624 0
1660777864798 0.9229306578636169 1
1660777865557 0.6538456082344055 2
1660777866349 0.49288704991340637 3
1660777867105 0.3843774199485779 4
1660777867878 0.3164905309677124 5
1660777868655 0.2708178460597992 6
1660777869435 0.23980668187141418 7
1660777870198 0.21416816115379333 8
1660777870990 0.20040203630924225 9
1660777871771 0.19308361411094666 10
1660777872560 0.18430331349372864 11
1660777873326 0.16658003628253937 12
1660777874076 0.17671550810337067 13
1660777874858 0.16575181484222412 14
1660777875613 0.17225193977355957 15
1660777876357 0.15696866810321808 16
1660777877125 0.1493416726589203 17
1660777877921 0.14631249010562897 18
1660777878690 0.15469685196876526 19
